data1series1:   82000,398500,20000
data2series1:   60000,250420,21000
data3series1:   35000,240000,22000
data4series1:   20000,130000,23000
data5series1:   25000,98000,24000
data6series1:   13000,75000,25000
data7series1:   21000,120000,26000
data8series1:   32000,154000,27000
data9series1:   29000,162000,28000
data10series1:  45000,158000,29000

data21series1:   42000,348500,31000
data22series1:   30000,250420,32000
data23series1:   25000,240000,33000
data24series1:   10000,230000,34000
data25series1:   15000,98000,35000
data26series1:   8000,75000,36000
data27series1:   11000,220000,37000
data28series1:   12000,254000,20000
data29series1:   19000,262000,20000
data30series1:  25000,128000,20000

data31series1:   92000,298500,20000
data32series1:   80000,250420,20000
data33series1:   55000,140000,20000
data34series1:   40000,80000,20000
data35series1:   45000,58000,20000
data36series1:   33000,35000,20000
data37series1:   41000,60000,20000
data38series1:   52000,74000,20000
data39series1:   49000,82000,20000
data30series1:  65000,78000,20000
