data1series1:   82000,398500,20000
data2series1:   60000,250420,40000
data3series1:   35000,240000,20000
data4series1:   20000,130000,20000
data5series1:   25000,98000,20000
data6series1:   13000,75000,20000
data7series1:   21000,120000,20000
data8series1:   32000,154000,20000
data9series1:   29000,162000,20000
data10series1:  45000,158000,20000
data11series1:  72000,220000,20000
data12series1:  65000,197000,20000

data1series2:   42000,348500,60000
data2series2:   30000,250420,20000
data3series2:   25000,240000,20000
data4series2:   10000,130000,20000
data5series2:   15000,98000,20000
data6series2:   8000,75000,20000
data7series2:   11000,120000,20000
data8series2:   12000,154000,20000
data9series2:   19000,162000,20000
data10series2:  25000,158000,20000
data11series2:  32000,220000,20000
data12series2:  35000,197000,20000

data1series3:   92000,198500,20000
data2series3:   80000,150420,24000
data3series3:   55000,140000,30000
data4series3:   40000,80000,32000
data5series3:   45000,58000,42000
data6series3:   33000,35000,44000
