data1series1:   82000,398500,40000
data2series1:   60000,250420,20000
data3series1:   35000,240000,24000
data4series1:   20000,160000,33000
data5series1:   25000,98000,68000
data6series1:   17000,75000,55000

data1series2:   42000,348500,35000
data2series2:   30000,250420,25000
data3series2:   25000,240000,24000
data4series2:   40000,130000,33000
data5series2:   55000,98000,68000
data6series2:   8000,75000,55000

data1series3:   92000,198500,40000
data2series3:   80000,150420,40000
data3series3:   55000,180000,40000
data4series3:   40000,80000,40000
data5series3:   45000,58000,40000
data6series3:   33000,35000,40000
